1005.0,	7
1012.0,	10
1019.0,	18
1026.0,	9
1033.0,	22
1040.0,	16
1047.0,	17
1054.0,	14
1061.0,	16
1068.0,	15
1075.0,	13
1082.0,	14
1089.0,	16
1096.0,	18
1103.0,	16
1110.0,	24
1117.0,	15
1124.0,	21
1131.0,	20
1138.0,	31
1145.0,	26
1152.0,	20
1159.0,	32
1166.0,	20
1173.0,	30
1180.0,	26
1187.0,	23
1194.0,	26
1201.0,	37
1208.0,	30
1215.0,	31
1222.0,	37
1229.0,	33
1236.0,	41
1243.0,	24
1250.0,	36
1257.0,	41
1264.0,	44
1271.0,	42
1278.0,	42
1285.0,	42
1292.0,	45
1299.0,	36
1306.0,	41
1313.0,	39
1320.0,	48
1327.0,	44
1334.0,	46
1341.0,	44
1348.0,	41
1355.0,	39
1362.0,	47
1369.0,	51
1376.0,	44
1383.0,	34
1390.0,	45
1397.0,	51
1404.0,	44
1411.0,	33
1418.0,	36
1425.0,	47
1432.0,	38
1439.0,	44
1446.0,	46
1453.0,	32
1460.0,	47
1467.0,	29
1474.0,	50
1481.0,	35
1488.0,	44
1495.0,	36
1502.0,	37
1509.0,	33
1516.0,	40
1523.0,	46
1530.0,	42
1537.0,	40
1544.0,	22
1551.0,	36
1558.0,	38
1565.0,	29
1572.0,	30
1579.0,	37
1586.0,	33
1593.0,	35
1600.0,	34
1607.0,	29
1614.0,	32
1621.0,	38
1628.0,	24
1635.0,	31
1642.0,	37
1649.0,	24
1656.0,	40
1663.0,	35
1670.0,	30
1677.0,	22
1684.0,	25
1691.0,	32
1698.0,	22
1705.0,	32
1712.0,	17
1719.0,	34
1726.0,	21
1733.0,	29
1740.0,	19
1747.0,	18
1754.0,	23
1761.0,	19
1768.0,	27
1775.0,	27
1782.0,	21
1789.0,	27
1796.0,	25
1803.0,	23
1810.0,	16
1817.0,	30
1824.0,	29
1831.0,	34
1838.0,	25
1845.0,	26
1852.0,	16
1859.0,	32
1866.0,	19
1873.0,	15
1880.0,	17
1887.0,	12
1894.0,	13
1901.0,	20
1908.0,	9
1915.0,	10
1922.0,	14
1929.0,	16
1936.0,	12
1943.0,	9
1950.0,	18
1957.0,	11
1964.0,	10
1971.0,	15
1978.0,	8
1985.0,	17
1992.0,	10
1999.0,	9
2004.0,	9
2011.0,	6
2018.0,	6
2025.0,	8
2032.0,	10
2039.0,	6
2046.0,	5
2053.0,	5
2060.0,	6
2067.0,	3
2074.0,	5
2081.0,	6
2088.0,	5
2095.0,	8
2102.0,	2
2109.0,	1
2116.0,	6
2123.0,	3
2130.0,	6
2137.0,	4
2144.0,	5
2151.0,	2
2158.0,	6
2165.0,	9
2172.0,	4
2179.0,	5
2186.0,	1
2193.0,	2
2200.0,	4
2207.0,	3
2214.0,	4
2221.0,	4
2228.0,	4
2235.0,	7
2249.0,	5
2256.0,	5
2263.0,	7
2270.0,	7
2277.0,	4
2284.0,	7
2291.0,	1
2298.0,	6
2305.0,	3
2312.0,	2
2319.0,	1
2326.0,	3
2333.0,	3
2340.0,	3
2347.0,	3
2354.0,	5
2361.0,	4
2368.0,	1
2375.0,	2
2389.0,	2
2396.0,	5
2403.0,	2
2410.0,	3
2417.0,	3
2424.0,	1
2431.0,	3
2438.0,	5
2445.0,	1
2452.0,	1
2459.0,	1
2466.0,	2
2473.0,	6
2480.0,	1
2487.0,	2
2501.0,	1
2515.0,	1
2522.0,	1
2529.0,	3
2536.0,	3
2543.0,	1
2550.0,	1
2557.0,	1
2564.0,	3
2571.0,	2
2578.0,	2
2585.0,	2
2592.0,	3
2599.0,	1
2606.0,	4
2613.0,	1
2620.0,	2
2627.0,	2
2634.0,	1
2641.0,	1
2648.0,	2
2655.0,	2
2662.0,	3
2669.0,	3
2676.0,	1
2683.0,	3
2690.0,	1
2697.0,	2
2704.0,	2
2711.0,	2
2725.0,	1
2732.0,	4
2739.0,	6
2746.0,	2
2753.0,	3
2760.0,	2
2767.0,	2
2774.0,	1
2781.0,	2
2788.0,	1
2795.0,	1
2809.0,	5
2816.0,	1
2823.0,	3
2830.0,	2
2837.0,	5
2844.0,	1
2851.0,	3
2858.0,	1
2872.0,	2
2879.0,	3
2886.0,	3
2893.0,	3
2900.0,	2
2907.0,	1
2914.0,	1
2921.0,	2
2935.0,	3
2942.0,	2
2956.0,	3
2963.0,	1
2977.0,	3
2984.0,	1
2991.0,	4
2998.0,	1
3005.0,	1
3012.0,	1
3033.0,	2
3047.0,	1
3075.0,	1
3082.0,	1
3089.0,	1
3103.0,	1
382.0,	1
410.0,	1
424.0,	1
445.0,	1
557.0,	1
585.0,	1
592.0,	3
648.0,	2
655.0,	2
669.0,	1
676.0,	3
683.0,	1
704.0,	2
711.0,	1
718.0,	1
746.0,	2
753.0,	2
767.0,	2
774.0,	2
781.0,	3
795.0,	8
802.0,	3
809.0,	4
816.0,	6
823.0,	2
830.0,	4
837.0,	5
844.0,	7
851.0,	8
858.0,	4
865.0,	6
872.0,	5
879.0,	12
886.0,	4
893.0,	3
900.0,	6
907.0,	8
914.0,	7
921.0,	9
928.0,	11
935.0,	12
942.0,	3
949.0,	3
956.0,	8
963.0,	12
970.0,	9
977.0,	8
984.0,	7
991.0,	9
998.0,	10
