1002.0,	8
1009.0,	12
1016.0,	10
1023.0,	15
1030.0,	17
1037.0,	8
1044.0,	6
1051.0,	29
1058.0,	14
1065.0,	17
1072.0,	18
1079.0,	11
1086.0,	16
1093.0,	17
1100.0,	21
1107.0,	15
1114.0,	30
1121.0,	14
1128.0,	20
1135.0,	23
1142.0,	25
1149.0,	27
1156.0,	25
1163.0,	32
1170.0,	34
1177.0,	32
1184.0,	31
1191.0,	20
1198.0,	35
1205.0,	40
1212.0,	39
1219.0,	35
1226.0,	35
1233.0,	25
1240.0,	32
1247.0,	41
1254.0,	47
1261.0,	35
1268.0,	34
1275.0,	38
1282.0,	49
1289.0,	41
1296.0,	53
1303.0,	48
1310.0,	43
1317.0,	43
1324.0,	49
1331.0,	46
1338.0,	39
1345.0,	45
1352.0,	41
1359.0,	39
1366.0,	56
1373.0,	48
1380.0,	45
1387.0,	38
1394.0,	62
1401.0,	42
1408.0,	41
1415.0,	46
1422.0,	46
1429.0,	44
1436.0,	46
1443.0,	34
1450.0,	53
1457.0,	39
1464.0,	59
1471.0,	41
1478.0,	46
1485.0,	47
1492.0,	36
1499.0,	45
1506.0,	35
1513.0,	40
1520.0,	39
1527.0,	50
1534.0,	30
1541.0,	47
1548.0,	35
1555.0,	22
1562.0,	33
1569.0,	32
1576.0,	42
1583.0,	21
1590.0,	38
1597.0,	32
1604.0,	31
1611.0,	27
1618.0,	35
1625.0,	27
1632.0,	21
1639.0,	32
1646.0,	30
1653.0,	28
1660.0,	21
1667.0,	37
1674.0,	20
1681.0,	17
1688.0,	24
1695.0,	21
1702.0,	19
1709.0,	26
1716.0,	14
1723.0,	23
1730.0,	26
1737.0,	26
1744.0,	26
1751.0,	33
1758.0,	31
1765.0,	19
1772.0,	21
1779.0,	28
1786.0,	16
1793.0,	23
1800.0,	18
1807.0,	21
1814.0,	31
1821.0,	34
1828.0,	26
1835.0,	29
1842.0,	27
1849.0,	30
1856.0,	24
1863.0,	14
1870.0,	15
1877.0,	15
1884.0,	14
1891.0,	18
1898.0,	8
1905.0,	15
1912.0,	11
1919.0,	9
1926.0,	15
1933.0,	8
1940.0,	7
1947.0,	8
1954.0,	13
1961.0,	14
1968.0,	18
1975.0,	10
1982.0,	10
1989.0,	10
1996.0,	9
2001.0,	8
2008.0,	7
2015.0,	9
2022.0,	12
2029.0,	6
2036.0,	10
2043.0,	5
2050.0,	8
2057.0,	7
2064.0,	7
2071.0,	5
2078.0,	3
2085.0,	6
2092.0,	7
2099.0,	2
2106.0,	2
2113.0,	4
2127.0,	3
2134.0,	4
2141.0,	3
2148.0,	2
2155.0,	4
2162.0,	1
2169.0,	4
2176.0,	5
2183.0,	3
2190.0,	4
2197.0,	2
2204.0,	2
2211.0,	3
2218.0,	3
2225.0,	2
2232.0,	9
2239.0,	5
2246.0,	7
2253.0,	4
2260.0,	5
2267.0,	2
2274.0,	5
2281.0,	6
2288.0,	4
2295.0,	8
2302.0,	5
2309.0,	1
2316.0,	1
2323.0,	1
2330.0,	5
2337.0,	1
2344.0,	3
2351.0,	4
2358.0,	4
2365.0,	3
2372.0,	1
2379.0,	1
2393.0,	6
2400.0,	4
2407.0,	1
2414.0,	2
2428.0,	1
2435.0,	3
2442.0,	3
2449.0,	3
2456.0,	1
2463.0,	1
2477.0,	3
2498.0,	2
2505.0,	1
2519.0,	2
2526.0,	3
2533.0,	2
2540.0,	2
2547.0,	1
2554.0,	2
2561.0,	1
2568.0,	3
2575.0,	1
2582.0,	3
2589.0,	3
2596.0,	3
2603.0,	2
2610.0,	1
2617.0,	4
2624.0,	3
2631.0,	3
2638.0,	2
2645.0,	3
2652.0,	1
2659.0,	1
2666.0,	4
2680.0,	2
2694.0,	2
2701.0,	4
2708.0,	3
2715.0,	2
2722.0,	1
2729.0,	3
2736.0,	1
2743.0,	3
2750.0,	1
2757.0,	1
2764.0,	3
2771.0,	1
2778.0,	1
2785.0,	2
2792.0,	3
2799.0,	1
2806.0,	2
2813.0,	1
2820.0,	3
2834.0,	3
2841.0,	3
2862.0,	3
2869.0,	3
2876.0,	2
2883.0,	4
2890.0,	1
2897.0,	3
2904.0,	2
2911.0,	3
2918.0,	1
2925.0,	2
2939.0,	3
2946.0,	3
2953.0,	1
2967.0,	2
2974.0,	1
2981.0,	2
2988.0,	2
3002.0,	2
3009.0,	1
3016.0,	3
3030.0,	1
3044.0,	1
3184.0,	2
449.0,	1
512.0,	1
554.0,	1
568.0,	1
596.0,	2
617.0,	1
631.0,	2
638.0,	2
659.0,	1
673.0,	1
680.0,	2
687.0,	2
694.0,	1
715.0,	1
722.0,	2
729.0,	1
736.0,	2
743.0,	2
757.0,	1
771.0,	2
792.0,	5
799.0,	3
806.0,	3
813.0,	3
820.0,	4
827.0,	3
834.0,	6
841.0,	6
848.0,	3
855.0,	4
862.0,	4
869.0,	5
876.0,	4
883.0,	3
890.0,	10
897.0,	5
904.0,	6
911.0,	2
918.0,	6
925.0,	3
932.0,	5
939.0,	11
946.0,	6
953.0,	5
960.0,	8
967.0,	12
974.0,	9
981.0,	8
988.0,	12
995.0,	10
