1003.0,	6
1010.0,	17
1017.0,	11
1024.0,	13
1031.0,	11
1038.0,	15
1045.0,	9
1052.0,	12
1059.0,	21
1066.0,	16
1073.0,	16
1080.0,	11
1087.0,	16
1094.0,	20
1101.0,	21
1108.0,	16
1115.0,	24
1122.0,	21
1129.0,	21
1136.0,	22
1143.0,	29
1150.0,	28
1157.0,	12
1164.0,	33
1171.0,	25
1178.0,	31
1185.0,	26
1192.0,	41
1199.0,	32
1206.0,	47
1213.0,	37
1220.0,	36
1227.0,	43
1234.0,	45
1241.0,	35
1248.0,	33
1255.0,	44
1262.0,	36
1269.0,	46
1276.0,	36
1283.0,	37
1290.0,	57
1297.0,	52
1304.0,	44
1311.0,	57
1318.0,	53
1325.0,	22
1332.0,	43
1339.0,	30
1346.0,	36
1353.0,	51
1360.0,	39
1367.0,	49
1374.0,	48
1381.0,	50
1388.0,	45
1395.0,	45
1402.0,	38
1409.0,	51
1416.0,	35
1423.0,	55
1430.0,	52
1437.0,	42
1444.0,	46
1451.0,	48
1458.0,	54
1465.0,	55
1472.0,	45
1479.0,	45
1486.0,	45
149.0,	1
1493.0,	42
1500.0,	22
1507.0,	41
1514.0,	45
1521.0,	41
1528.0,	40
1535.0,	51
1542.0,	53
1549.0,	38
1556.0,	31
1563.0,	36
1570.0,	28
1577.0,	31
1584.0,	31
1591.0,	31
1598.0,	27
1605.0,	33
1612.0,	36
1619.0,	24
1626.0,	27
1633.0,	20
1640.0,	29
1647.0,	32
1654.0,	24
1661.0,	25
1668.0,	21
1675.0,	23
1682.0,	22
1689.0,	32
1696.0,	23
1703.0,	19
1710.0,	23
1717.0,	23
1724.0,	24
1731.0,	26
1738.0,	15
1745.0,	23
1752.0,	23
1759.0,	23
1766.0,	26
1773.0,	28
1780.0,	21
1787.0,	19
1794.0,	25
1801.0,	17
1808.0,	12
1815.0,	23
1822.0,	35
1829.0,	37
1836.0,	24
1843.0,	28
1850.0,	20
1857.0,	15
1864.0,	18
1871.0,	13
1878.0,	13
1885.0,	11
1892.0,	13
1899.0,	15
1906.0,	16
1913.0,	17
1920.0,	10
1927.0,	13
1934.0,	6
1941.0,	12
1948.0,	9
1955.0,	14
1962.0,	10
1969.0,	14
1976.0,	12
1983.0,	8
1990.0,	7
1997.0,	5
2002.0,	16
2009.0,	5
2016.0,	12
2023.0,	5
2030.0,	3
2037.0,	11
2044.0,	3
2051.0,	11
2058.0,	8
2065.0,	3
2072.0,	10
2079.0,	8
2086.0,	6
2093.0,	8
2100.0,	5
2107.0,	9
2114.0,	7
2121.0,	4
2128.0,	6
2135.0,	5
2142.0,	3
2149.0,	4
2156.0,	4
2163.0,	4
2170.0,	3
2177.0,	1
2184.0,	4
2191.0,	3
2198.0,	4
2205.0,	3
2219.0,	2
2226.0,	2
2233.0,	3
2240.0,	2
2247.0,	5
2254.0,	4
2261.0,	5
2268.0,	5
2275.0,	3
2282.0,	1
2289.0,	2
2296.0,	2
2303.0,	2
2310.0,	3
2317.0,	4
2324.0,	4
2331.0,	3
2345.0,	1
2352.0,	2
2359.0,	1
2366.0,	1
2373.0,	2
2380.0,	3
2387.0,	1
2394.0,	3
2401.0,	2
2415.0,	2
2422.0,	4
2429.0,	4
2436.0,	3
2450.0,	2
2457.0,	1
2471.0,	1
2485.0,	3
2492.0,	2
2499.0,	1
2506.0,	3
2513.0,	1
2520.0,	1
2527.0,	1
2534.0,	4
2541.0,	1
2555.0,	3
2562.0,	2
2576.0,	2
2583.0,	2
2590.0,	2
2597.0,	2
2604.0,	2
2611.0,	1
2625.0,	1
2632.0,	2
2639.0,	1
2646.0,	6
2653.0,	3
2660.0,	2
2674.0,	2
2681.0,	2
2688.0,	2
2695.0,	2
2702.0,	2
2716.0,	1
2730.0,	3
2737.0,	1
2744.0,	1
2751.0,	3
2758.0,	2
2765.0,	5
2772.0,	4
2779.0,	3
2786.0,	2
2793.0,	1
2800.0,	2
2807.0,	3
2814.0,	1
2821.0,	1
2828.0,	3
2842.0,	1
2849.0,	2
2856.0,	4
2870.0,	3
2884.0,	3
2891.0,	1
2898.0,	2
2912.0,	1
2919.0,	1
2926.0,	4
2933.0,	1
2940.0,	1
2954.0,	4
2961.0,	2
2968.0,	1
2982.0,	2
2989.0,	1
3003.0,	2
3010.0,	1
3017.0,	2
3024.0,	1
3045.0,	1
3052.0,	1
3157.0,	1
3199.0,	1
387.0,	1
408.0,	1
443.0,	1
548.0,	1
562.0,	2
569.0,	1
611.0,	1
625.0,	2
639.0,	3
646.0,	1
653.0,	1
660.0,	1
681.0,	3
688.0,	2
695.0,	1
702.0,	1
709.0,	3
737.0,	4
744.0,	4
751.0,	4
758.0,	2
765.0,	3
772.0,	2
779.0,	4
786.0,	2
793.0,	1
800.0,	2
807.0,	5
814.0,	4
821.0,	4
828.0,	4
835.0,	6
842.0,	5
849.0,	2
856.0,	4
863.0,	4
870.0,	7
877.0,	5
884.0,	6
891.0,	5
898.0,	8
905.0,	6
912.0,	9
919.0,	6
926.0,	3
933.0,	9
940.0,	5
947.0,	11
954.0,	9
961.0,	12
968.0,	7
975.0,	9
982.0,	11
989.0,	10
996.0,	11
