1006.0,	12
1013.0,	8
1020.0,	10
1027.0,	13
1034.0,	16
1041.0,	16
1048.0,	17
1055.0,	11
1062.0,	16
1069.0,	17
1076.0,	15
1083.0,	14
1090.0,	16
1097.0,	21
1104.0,	13
1111.0,	19
1118.0,	18
1125.0,	22
1132.0,	22
1139.0,	29
1146.0,	15
1153.0,	35
1160.0,	24
1167.0,	33
1174.0,	34
1181.0,	26
1188.0,	31
1195.0,	36
1202.0,	34
1209.0,	36
1216.0,	36
1223.0,	34
1230.0,	37
1237.0,	35
1244.0,	36
1251.0,	36
1258.0,	39
1265.0,	41
1272.0,	37
1279.0,	41
1286.0,	38
1293.0,	42
1300.0,	42
1307.0,	37
1314.0,	49
1321.0,	48
1328.0,	40
1335.0,	36
1342.0,	48
1349.0,	27
1356.0,	32
1363.0,	47
1370.0,	40
1377.0,	40
1384.0,	47
1391.0,	42
1398.0,	48
1405.0,	31
1412.0,	43
1419.0,	46
1426.0,	51
1433.0,	54
1440.0,	41
1447.0,	50
1454.0,	46
1461.0,	45
1468.0,	38
1475.0,	48
1482.0,	36
1489.0,	56
1496.0,	54
1503.0,	37
1510.0,	45
1517.0,	41
1524.0,	37
1531.0,	36
1538.0,	34
1545.0,	38
1552.0,	34
1559.0,	29
1566.0,	39
1573.0,	28
1580.0,	33
1587.0,	25
1594.0,	34
1601.0,	35
1608.0,	36
1615.0,	30
1622.0,	20
1629.0,	23
1636.0,	21
1643.0,	33
1650.0,	33
1657.0,	22
1664.0,	29
1671.0,	28
1678.0,	31
1685.0,	18
1692.0,	22
1699.0,	21
1706.0,	19
1713.0,	16
1720.0,	25
1727.0,	11
1734.0,	25
1741.0,	18
1748.0,	32
1755.0,	24
1762.0,	23
1769.0,	28
1776.0,	14
1783.0,	22
1790.0,	23
1797.0,	18
1804.0,	31
1811.0,	30
1818.0,	30
1825.0,	29
1832.0,	27
1839.0,	23
1846.0,	16
1853.0,	24
1860.0,	14
1867.0,	15
1874.0,	13
1881.0,	16
1888.0,	11
1895.0,	17
1902.0,	14
1909.0,	13
1916.0,	14
1923.0,	17
1930.0,	12
1937.0,	11
1944.0,	6
1951.0,	11
1958.0,	8
1965.0,	10
1972.0,	10
1979.0,	6
1986.0,	11
1993.0,	8
2005.0,	8
2012.0,	5
2019.0,	8
2026.0,	3
2033.0,	6
2040.0,	11
2047.0,	7
2054.0,	5
2061.0,	7
2068.0,	5
2075.0,	6
2082.0,	12
2089.0,	8
2096.0,	4
2103.0,	7
2110.0,	8
2117.0,	4
2131.0,	7
2138.0,	3
2145.0,	1
2152.0,	6
2159.0,	2
2166.0,	8
2173.0,	8
2180.0,	2
2187.0,	3
2194.0,	2
2201.0,	1
2208.0,	2
2215.0,	1
2222.0,	3
2229.0,	5
2236.0,	4
2243.0,	4
2250.0,	6
2257.0,	5
2264.0,	3
2271.0,	4
2278.0,	6
2285.0,	2
2292.0,	2
2299.0,	8
2306.0,	3
2313.0,	5
2320.0,	7
2327.0,	7
2334.0,	3
2341.0,	4
2348.0,	1
2355.0,	3
236.0,	1
2362.0,	1
2369.0,	4
2376.0,	3
2383.0,	4
2390.0,	3
2397.0,	2
2404.0,	4
2411.0,	2
2418.0,	1
2425.0,	2
2432.0,	2
2439.0,	1
2446.0,	2
2453.0,	1
2460.0,	1
2467.0,	2
2474.0,	1
2502.0,	2
2509.0,	2
2516.0,	4
2530.0,	1
2544.0,	2
2551.0,	2
2558.0,	2
2565.0,	2
2572.0,	1
2586.0,	1
2593.0,	2
2600.0,	3
2614.0,	4
2628.0,	1
2635.0,	2
2649.0,	3
2656.0,	1
2663.0,	4
2670.0,	3
2677.0,	2
2691.0,	3
2698.0,	5
2705.0,	2
2712.0,	1
2719.0,	3
2726.0,	2
2733.0,	1
2740.0,	4
2747.0,	2
2754.0,	6
2761.0,	1
2768.0,	4
2782.0,	3
2789.0,	3
2810.0,	2
2817.0,	2
2824.0,	3
2831.0,	2
2838.0,	5
2845.0,	3
2852.0,	5
2859.0,	1
2866.0,	3
2873.0,	5
2880.0,	2
2887.0,	3
2894.0,	2
2901.0,	2
2908.0,	4
2915.0,	1
2922.0,	1
2929.0,	2
2936.0,	2
2950.0,	3
2957.0,	1
2964.0,	1
2978.0,	1
3006.0,	2
3013.0,	4
3041.0,	1
3055.0,	1
3090.0,	1
411.0,	1
474.0,	1
530.0,	1
572.0,	2
593.0,	1
600.0,	2
607.0,	1
621.0,	1
628.0,	2
642.0,	2
649.0,	1
656.0,	1
663.0,	1
684.0,	1
691.0,	2
698.0,	1
705.0,	1
712.0,	1
719.0,	1
726.0,	5
733.0,	1
740.0,	2
747.0,	1
754.0,	3
782.0,	1
789.0,	3
803.0,	2
810.0,	4
817.0,	2
824.0,	3
838.0,	3
845.0,	8
852.0,	1
859.0,	3
866.0,	5
873.0,	5
880.0,	4
887.0,	3
894.0,	2
901.0,	5
908.0,	8
915.0,	7
922.0,	9
929.0,	7
936.0,	8
943.0,	4
950.0,	10
957.0,	9
964.0,	7
971.0,	9
978.0,	7
985.0,	7
992.0,	15
999.0,	15
