1004.0,	5
1011.0,	9
1018.0,	7
1025.0,	10
1032.0,	13
1039.0,	11
1046.0,	10
1053.0,	15
1060.0,	12
1067.0,	11
1074.0,	17
1081.0,	20
1088.0,	11
1095.0,	23
1102.0,	20
1109.0,	24
1116.0,	26
1123.0,	23
1130.0,	28
1137.0,	26
1144.0,	36
1151.0,	19
1158.0,	21
1165.0,	27
1172.0,	32
1179.0,	25
1186.0,	30
1193.0,	27
1200.0,	53
1207.0,	35
1214.0,	33
1221.0,	41
1228.0,	32
1235.0,	35
1242.0,	44
1249.0,	43
1256.0,	33
1263.0,	38
1270.0,	37
1277.0,	41
1284.0,	40
1291.0,	44
1298.0,	47
1305.0,	39
1312.0,	52
1319.0,	43
1326.0,	51
1333.0,	43
1340.0,	34
1347.0,	46
1354.0,	46
1361.0,	41
1368.0,	44
1375.0,	37
1382.0,	44
1389.0,	50
1396.0,	48
1403.0,	55
1410.0,	45
1417.0,	49
1424.0,	30
1431.0,	39
1438.0,	50
1445.0,	52
1452.0,	37
1459.0,	43
1466.0,	44
1473.0,	50
1480.0,	44
1487.0,	37
1494.0,	33
1501.0,	32
1508.0,	47
1515.0,	30
1522.0,	41
1529.0,	37
1536.0,	38
1543.0,	50
1550.0,	54
1557.0,	33
1564.0,	29
1571.0,	39
1578.0,	45
1585.0,	35
1592.0,	35
1599.0,	25
1606.0,	24
1613.0,	32
1620.0,	33
1627.0,	25
1634.0,	24
1641.0,	30
1648.0,	34
1655.0,	33
1662.0,	31
1669.0,	34
1676.0,	24
1683.0,	30
1690.0,	19
1697.0,	31
1704.0,	19
1711.0,	26
1718.0,	23
1725.0,	25
1732.0,	24
1739.0,	19
1746.0,	28
1753.0,	32
1760.0,	20
1767.0,	23
1774.0,	27
1781.0,	19
1788.0,	26
1795.0,	19
1802.0,	27
1809.0,	22
1816.0,	22
1823.0,	28
1830.0,	34
1837.0,	33
1844.0,	29
1851.0,	29
1858.0,	16
1865.0,	15
1872.0,	19
1879.0,	19
1886.0,	22
1893.0,	11
1900.0,	7
1907.0,	12
1914.0,	13
1921.0,	9
1928.0,	12
1935.0,	16
1942.0,	13
1949.0,	15
1956.0,	12
1963.0,	16
1970.0,	14
1977.0,	16
1984.0,	4
1991.0,	13
1998.0,	11
2003.0,	10
2010.0,	11
2017.0,	13
2024.0,	11
2031.0,	9
2038.0,	7
2045.0,	6
2052.0,	5
2059.0,	4
2066.0,	3
2073.0,	5
2080.0,	6
2087.0,	7
2094.0,	4
2101.0,	3
2108.0,	4
2115.0,	8
2122.0,	2
2129.0,	4
2136.0,	7
2143.0,	5
2150.0,	8
2157.0,	2
2164.0,	6
2171.0,	2
2178.0,	5
2185.0,	5
2192.0,	1
2199.0,	5
2206.0,	6
2213.0,	2
2220.0,	5
2227.0,	1
2234.0,	4
2241.0,	5
2248.0,	4
2255.0,	6
2262.0,	3
2269.0,	9
2276.0,	2
2283.0,	3
2290.0,	4
2297.0,	3
2304.0,	5
2311.0,	2
2318.0,	2
2325.0,	3
2332.0,	3
2339.0,	3
2346.0,	3
2353.0,	6
2360.0,	1
2367.0,	2
2374.0,	2
2381.0,	2
2388.0,	4
2395.0,	1
2409.0,	1
2416.0,	1
2423.0,	3
2430.0,	4
2437.0,	3
2444.0,	3
2465.0,	3
2472.0,	1
2479.0,	5
2486.0,	3
2493.0,	1
2500.0,	2
2507.0,	3
2514.0,	2
2521.0,	3
2535.0,	1
2556.0,	2
2563.0,	1
2570.0,	4
2584.0,	1
2591.0,	2
2598.0,	1
2605.0,	2
2619.0,	2
2626.0,	2
2633.0,	2
2640.0,	3
2647.0,	2
2654.0,	1
2661.0,	1
2668.0,	3
2675.0,	1
2682.0,	3
2689.0,	3
2696.0,	1
2703.0,	2
2710.0,	1
2717.0,	1
2724.0,	2
2731.0,	1
2745.0,	3
2752.0,	3
2759.0,	3
2766.0,	3
2773.0,	2
2780.0,	7
2794.0,	2
2801.0,	2
2808.0,	3
2815.0,	3
2822.0,	4
2829.0,	1
2836.0,	3
2843.0,	2
2857.0,	5
2864.0,	1
2871.0,	2
2878.0,	2
2885.0,	1
2892.0,	4
2899.0,	4
2913.0,	3
2920.0,	2
2934.0,	1
2941.0,	1
2948.0,	1
2955.0,	1
2962.0,	1
2969.0,	4
2976.0,	2
2997.0,	3
3004.0,	1
3011.0,	4
3060.0,	1
3088.0,	1
3165.0,	1
472.0,	1
500.0,	167
542.0,	1
556.0,	2
626.0,	2
633.0,	1
640.0,	1
654.0,	1
661.0,	4
668.0,	1
675.0,	2
689.0,	1
696.0,	1
710.0,	1
724.0,	3
731.0,	3
738.0,	2
745.0,	2
759.0,	4
766.0,	2
773.0,	1
780.0,	3
787.0,	2
794.0,	2
801.0,	1
808.0,	1
815.0,	3
822.0,	2
829.0,	6
836.0,	7
843.0,	4
850.0,	3
857.0,	3
864.0,	6
871.0,	1
878.0,	7
885.0,	5
892.0,	5
899.0,	6
906.0,	7
913.0,	8
920.0,	6
927.0,	9
934.0,	5
941.0,	6
948.0,	5
955.0,	11
962.0,	10
969.0,	10
976.0,	10
983.0,	9
990.0,	8
997.0,	5
