0.0,	8030
1001.0,	9
1008.0,	10
1015.0,	15
1022.0,	17
1029.0,	14
1036.0,	9
1043.0,	13
1050.0,	11
1057.0,	13
1064.0,	11
1071.0,	21
1078.0,	16
1085.0,	21
1092.0,	10
1099.0,	20
1106.0,	25
1113.0,	23
1120.0,	18
1127.0,	25
1134.0,	25
1141.0,	33
1148.0,	34
1155.0,	18
1162.0,	18
1169.0,	39
1176.0,	26
1183.0,	16
1190.0,	30
1197.0,	36
1204.0,	44
1211.0,	40
1218.0,	34
1225.0,	33
1232.0,	33
1239.0,	40
1246.0,	31
1253.0,	41
1260.0,	36
1267.0,	33
1274.0,	38
1281.0,	46
1288.0,	47
1295.0,	26
1302.0,	43
1309.0,	52
1316.0,	54
1323.0,	42
1330.0,	50
1337.0,	43
1344.0,	44
1351.0,	34
1358.0,	47
1365.0,	48
1372.0,	45
1379.0,	53
1386.0,	46
1393.0,	44
1400.0,	37
1407.0,	48
1414.0,	36
1421.0,	41
1428.0,	39
1435.0,	49
1442.0,	52
1449.0,	39
1456.0,	56
1463.0,	38
1470.0,	44
1477.0,	45
1484.0,	34
1491.0,	34
1498.0,	50
1505.0,	48
1512.0,	35
1519.0,	37
1526.0,	38
1533.0,	43
1540.0,	41
1547.0,	32
1554.0,	24
1561.0,	25
1568.0,	36
1575.0,	42
1582.0,	32
1589.0,	38
1596.0,	26
1603.0,	34
1610.0,	36
1617.0,	30
1624.0,	22
1631.0,	31
1638.0,	32
1645.0,	39
1652.0,	26
1659.0,	36
1666.0,	24
1673.0,	26
1680.0,	18
1687.0,	30
1694.0,	21
1701.0,	19
1708.0,	28
1715.0,	21
1722.0,	16
1729.0,	24
1736.0,	19
1743.0,	26
1750.0,	30
1757.0,	24
1764.0,	26
1771.0,	30
1778.0,	32
1785.0,	16
1792.0,	26
1799.0,	25
18.0,	1
1806.0,	19
1813.0,	25
1820.0,	39
1827.0,	33
1834.0,	30
1841.0,	26
1848.0,	18
1855.0,	23
1862.0,	24
1869.0,	12
1876.0,	22
1883.0,	12
1890.0,	23
1897.0,	23
1904.0,	16
1911.0,	13
1918.0,	9
1925.0,	12
1932.0,	16
1939.0,	12
1946.0,	13
1953.0,	8
1960.0,	15
1967.0,	11
1974.0,	10
1981.0,	14
1988.0,	10
1995.0,	11
2000.0,	11
2007.0,	5
2014.0,	11
2021.0,	5
2028.0,	7
2035.0,	4
2042.0,	7
2049.0,	5
2056.0,	9
2063.0,	7
2070.0,	8
2077.0,	12
2084.0,	1
2091.0,	3
2098.0,	10
2105.0,	5
2112.0,	6
2119.0,	4
2126.0,	13
2133.0,	8
2140.0,	7
2147.0,	3
2154.0,	4
2161.0,	5
2168.0,	3
2175.0,	6
2182.0,	9
2189.0,	2
2196.0,	9
2203.0,	1
2210.0,	2
2217.0,	2
2224.0,	5
2231.0,	4
2238.0,	3
2245.0,	3
2252.0,	4
2259.0,	2
2266.0,	6
2273.0,	1
2280.0,	6
2287.0,	2
2294.0,	5
2301.0,	4
2308.0,	6
2315.0,	3
2322.0,	5
2329.0,	6
2336.0,	5
2343.0,	5
2350.0,	4
2357.0,	3
2364.0,	1
2371.0,	1
2385.0,	4
2392.0,	2
2399.0,	3
2406.0,	1
2413.0,	2
2420.0,	1
2427.0,	5
2434.0,	1
2441.0,	3
2448.0,	3
2462.0,	1
2469.0,	1
2476.0,	2
2483.0,	2
2497.0,	2
2511.0,	1
2518.0,	2
2525.0,	2
2532.0,	1
2539.0,	3
2546.0,	1
2553.0,	2
2567.0,	2
2574.0,	1
2595.0,	1
2602.0,	1
2609.0,	3
2616.0,	1
2623.0,	1
2630.0,	2
2637.0,	3
2644.0,	2
2651.0,	2
2658.0,	2
2665.0,	2
2672.0,	2
2679.0,	2
2686.0,	2
2693.0,	1
2700.0,	3
2714.0,	2
2721.0,	1
2735.0,	3
2742.0,	2
2749.0,	4
2756.0,	3
2763.0,	2
2770.0,	1
2777.0,	3
2784.0,	2
2791.0,	1
2798.0,	2
2812.0,	2
2819.0,	2
2826.0,	2
2833.0,	1
2840.0,	2
2847.0,	3
2854.0,	3
2861.0,	2
2868.0,	3
2875.0,	2
2889.0,	4
2896.0,	1
2903.0,	4
2910.0,	1
2917.0,	2
2924.0,	4
2938.0,	1
2945.0,	1
2952.0,	3
2959.0,	3
2966.0,	1
2987.0,	1
2994.0,	1
3001.0,	1
3008.0,	4
3015.0,	1
3022.0,	1
3043.0,	1
3064.0,	2
3092.0,	1
392.0,	1
399.0,	2
539.0,	2
560.0,	1
567.0,	1
574.0,	2
581.0,	2
602.0,	1
609.0,	3
616.0,	3
630.0,	1
644.0,	2
651.0,	1
658.0,	2
665.0,	2
672.0,	1
679.0,	2
693.0,	1
707.0,	1
714.0,	1
721.0,	4
728.0,	1
735.0,	2
742.0,	2
749.0,	2
756.0,	2
763.0,	1
770.0,	4
777.0,	2
784.0,	2
791.0,	3
798.0,	2
805.0,	1
812.0,	2
819.0,	3
826.0,	2
833.0,	4
840.0,	3
847.0,	7
854.0,	4
861.0,	9
868.0,	7
875.0,	4
882.0,	4
889.0,	5
896.0,	4
903.0,	5
910.0,	9
917.0,	11
924.0,	9
931.0,	6
938.0,	5
945.0,	12
952.0,	11
959.0,	7
966.0,	7
973.0,	9
980.0,	15
987.0,	6
994.0,	5
